88
113
55
796
796
798
792
4126
1801
1908
478
520
1194
1194
1193
1231
804
804
807
750
748
2297
2295
2297
524
215
1054
524
215
1021
528
467
467
469
1382
1316
1505
428
240
2315
1204
350
3680
4055
4055
3053
283
125
2073
2073
232
232
1224
52
254
90
196
1200
4062
473
4564
473
4564
4566
471
4566
471
473
4564
472
82
4764
775
224
1110
4616
1180
438
436
1182
303
301
215
46
4294
1035
1033
792
289
2140
128
920
918
942
564
943
564
489
1934
1933
357
1091
2158
573
359
428
2654
3379
1861
265
263
1863
1861
265
134
267
160
269
209
1511
561
563
1513
1954
1952
673
675
675
675
278
1288
278
1288
831
2050
515
513
2048
1742
563
1495
1120
592
1269
1271
1269
1271
1122
1122
739
785
66
362
1785
600
1205
404
406
1208
627
625
1128
57
113
90
57
115
90
3925
578
578
584
1132
592
592
2812
276
2234
328
1258
1141
1138
577
1945
1462
1462
1945
914
607
607
1057
1413
139
1778
203
198
586
836
551
2731
1025
2117
2148
67
815
205
662
541
815
205
662
1660
1666
67
1427
910
2934
2937
164
342
340
261
275
911
1241
69
104
722
4095
755
571
122
3434
3432
425
221
44
1345
195
825
944
72
397
810
447
563
124
641
259
259
449
451
429
575
893
64
771
2
520
520
1623
5342
702
453
57
59
258
383
648
4564
323
177
737
697
702
474
547
1018
397
204
350
234
907
907
905
907
1156
9
669
137
761
294
561
3372
3372
1463
1463
308
489
489
1331
1329
2183
637
139
132
2281
216
48
927
896
46
214
87
5272
5274
275
1082
1080
273
275
1082
1235
712
1538
1068
1066
1068
577
1575
1395
472
1050
2173
2173
623
1409
4194
1943
1943
175
2047
254
593
1191
102
1014
1448
1448
1448
612
164
1192
680
94
3207
221
5531
1237
670
1620
992
270
378
379
2907
2907
145
2148
320
542
772
774
540
421
508
799
1193
315
2789
73
2916
719
2915
719
721
180
364
276
1147
381
1057
1058
1325
1147
381
1057
1576
1576
438
193
1160
1162
2137
2614
235
322
691
693
347
509
508
1299
340
340
614
516
518
3234
783
781
783
421
421
1951
1951
1953
147
147
149
516
330
328
420
420
418
3124
584
625
627
785
350
374
1837
2811
3367
3355
3355
1105
3357
484
3626
4254
1481
221
405
517
315
456
458
899
897
899
621
934
621
934
424
5246
1206
300
397
1273
1600
714
716
637
692
2402
2403
