92
96
47
746
746
748
676
3763
1533
1624
407
442
1016
1016
1015
1048
684
684
687
639
637
1955
1953
1955
446
192
907
446
192
879
450
407
407
409
1186
1120
1303
364
204
2352
1035
298
3237
3682
3682
2690
250
116
2167
2167
207
207
1042
44
231
90
183
1029
3636
403
4162
403
4162
4164
401
4164
401
403
4162
402
69
4370
811
194
1160
4215
1011
457
455
1013
280
278
222
46
3879
891
889
683
255
1822
109
793
791
801
588
802
588
426
2000
1999
304
928
2254
497
306
447
2463
2923
1584
226
224
1586
1584
226
134
227
136
280
178
1297
488
490
1299
2041
2039
594
596
596
596
246
1096
246
1096
707
2143
443
441
2141
1503
486
1284
960
617
1086
1088
1086
1088
955
955
629
679
66
318
1864
519
1037
366
368
1040
542
540
970
49
96
94
49
98
94
3598
502
502
506
963
504
504
2393
246
1901
289
1080
981
978
501
2030
1254
1254
2030
788
525
525
900
1210
144
1513
182
177
508
722
469
2343
877
1801
1828
67
694
214
691
461
694
214
691
1412
1418
57
1224
775
2565
2568
140
301
299
223
234
950
1068
59
98
615
3670
789
508
104
2980
2978
362
188
44
1144
204
801
804
71
360
689
466
479
105
545
266
266
403
405
365
490
770
62
666
2
449
449
1391
4974
607
407
48
50
219
336
551
4166
275
167
631
602
607
403
466
866
349
173
298
199
782
782
780
782
984
8
569
126
655
306
479
3017
3017
1449
1449
272
416
416
1149
1147
1858
552
127
120
1999
184
48
803
772
46
182
75
4922
4924
234
931
929
232
234
931
1291
616
1309
909
907
909
491
1348
1187
402
916
2227
2227
541
1471
3825
2030
2030
149
2136
230
527
1014
86
863
1242
1242
1242
543
149
1024
579
89
2748
197
5171
1063
580
1389
848
239
394
323
2496
2496
133
2244
286
561
805
807
559
368
442
687
1025
278
2373
62
2492
621
2491
621
623
164
310
244
1199
398
1103
1104
1385
1199
398
1103
1646
1646
457
164
1211
1213
1818
2225
210
274
588
590
363
529
441
1120
300
300
536
441
443
2775
676
674
676
368
368
2038
2038
2040
153
153
155
439
290
288
438
438
436
2702
497
541
543
684
298
391
1598
2413
2910
2898
2898
1155
2900
425
3180
3944
1271
203
357
449
268
388
390
775
773
775
538
795
538
795
361
4895
1026
255
338
1093
1490
608
610
542
589
2044
2045
