124
173
85
1117
1117
1119
1207
6086
2754
2916
732
794
1826
1826
1824
1883
1230
1230
1233
1147
1145
3510
3508
3510
801
296
1578
801
296
1527
809
681
681
683
2079
2012
2230
655
367
3232
1808
534
5455
5992
5992
4552
400
159
2905
2905
321
321
1871
80
335
95
241
1810
5981
723
6695
723
6695
6697
721
6697
721
723
6695
723
124
6971
1088
333
1555
6757
1784
604
602
1786
392
390
271
46
6314
1549
1547
1183
407
3272
195
1373
1371
1440
778
1442
778
714
2668
2667
545
1667
3009
843
548
594
3867
5034
2846
405
403
2848
2846
405
139
409
245
366
318
2273
820
822
2275
2725
2723
959
961
961
961
391
1967
391
1967
1270
2872
771
769
2870
2593
835
2247
1688
817
1921
1923
1921
1923
1714
1714
1131
1165
69
521
2489
886
1804
547
549
1808
928
926
1690
87
171
126
87
175
126
5776
846
846
860
1730
905
905
4299
383
3415
464
1890
1712
1709
849
2696
2203
2203
2696
1364
894
894
1617
2134
181
2717
277
272
862
1243
843
4107
1553
3236
3284
67
1247
287
917
828
1247
287
917
2537
2547
102
2147
1391
4384
4390
250
489
487
400
422
1261
1856
106
122
1104
6027
1055
803
188
5110
5108
651
339
48
2055
274
1141
1443
76
537
1239
613
861
188
979
323
323
616
618
655
879
1332
69
1145
4
773
773
2449
7774
1041
621
87
89
394
554
990
6736
495
213
1115
1034
1039
725
836
1556
565
310
536
356
1353
1353
1351
1353
1768
16
1021
178
1137
401
855
5003
5003
2048
2048
434
746
746
1981
1979
3336
940
177
170
3393
330
48
1368
1337
46
328
134
7719
7721
420
1621
1619
418
420
1621
1730
1055
2350
1632
1630
1632
881
2382
2131
723
1534
3018
3018
915
1961
6186
2712
2712
268
2839
338
836
1821
155
1550
2181
2181
2181
865
217
1790
1041
113
4836
305
8038
1858
990
2442
1506
379
519
579
4374
4374
188
2996
440
708
1068
1070
706
610
743
1196
1790
448
4263
111
4422
1066
4420
1066
1068
239
556
388
1608
533
1469
1470
1856
1608
533
1469
2199
2199
604
295
1614
1616
3266
3996
327
491
1056
1058
487
690
745
1937
479
479
891
779
781
4863
1163
1161
1163
610
610
2723
2723
2725
196
196
198
790
469
467
578
578
576
4691
892
923
925
1146
534
519
2730
4227
5018
5002
5002
1546
5004
691
5373
6235
2229
281
579
758
482
698
700
1341
1339
1341
916
1427
916
1427
647
7684
1844
459
607
1913
2304
1092
1094
972
1058
3670
3672
